m1 = 14000;
m2 = 450.28;
m3 = 200;
k1 = 54700;
k2 = 303600;
h = 42;

y3_table = [0:10:90, [94 98 102 104 107 120]];
f_y3_table = [833 400 160 320 520 520 660 830 1070 1600 2100 2800 4100 5000 9000 9000];